1 Employee0 23 30886 3
2 Employee1 35 32793 1
3 Employee2 26 30492 5
4 Employee3 21 32362 3
5 Employee4 30 30059 4
6 Employee5 26 30540 2
7 Employee6 32 30736 2
8 Employee7 28 32567 5
9 Employee8 22 31530 3
10 Employee9 23 34067 1
11 Employee10 29 34802 3
12 Employee11 38 33069 3
13 Employee12 33 33456 2
14 Employee13 22 31229 4
15 Employee14 21 34919 5
16 Employee15 37 30198 5
17 Employee16 35 34370 4
18 Employee17 26 31091 1
19 Employee18 36 31873 3
20 Employee19 30 31996 2
21 Employee20 25 30925 5
22 Employee21 27 30336 1
23 Employee22 26 31729 4
24 Employee23 37 31124 1
25 Employee24 22 30545 5
26 Employee25 27 30434 5
27 Employee26 23 33750 3
28 Employee27 28 32276 4
29 Employee28 28 33584 4
30 Employee29 31 32754 5
31 Employee30 32 30060 2
32 Employee31 28 32739 3
33 Employee32 26 33586 5
34 Employee33 39 30795 1
35 Employee34 34 30378 3
36 Employee35 21 30097 3
37 Employee36 37 30492 3
38 Employee37 36 32301 1
39 Employee38 26 34441 1
40 Employee39 29 33444 5
41 Employee40 20 34729 2
42 Employee41 37 33097 2
43 Employee42 21 30675 5
44 Employee43 27 34567 2
45 Employee44 37 32353 2
46 Employee45 25 30306 4
47 Employee46 39 33624 4
48 Employee47 31 30732 5
49 Employee48 23 30019 1
50 Employee49 28 34708 1
51 Employee50 20 33149 2
52 Employee51 23 32618 1
53 Employee52 26 33451 2
54 Employee53 35 32379 4
55 Employee54 24 33228 2
56 Employee55 30 30193 1
57 Employee56 34 32764 5
58 Employee57 34 31987 2
59 Employee58 23 31491 3
60 Employee59 25 34859 2
61 Employee60 32 32551 3
62 Employee61 28 33275 3
63 Employee62 34 31121 4
64 Employee63 35 31029 3
65 Employee64 35 33793 4
66 Employee65 28 31143 2
67 Employee66 28 34529 2
68 Employee67 24 34443 4
69 Employee68 33 34538 2
70 Employee69 20 32904 4
71 Employee70 28 30688 5
72 Employee71 37 34917 2
73 Employee72 24 32743 1
74 Employee73 23 33490 5
75 Employee74 32 31725 5
76 Employee75 30 32505 5
77 Employee76 34 34786 5
78 Employee77 22 33542 5
79 Employee78 37 34507 1
80 Employee79 24 31348 2
81 Employee80 22 32828 5
82 Employee81 23 30746 4
83 Employee82 20 30422 2
84 Employee83 30 32605 2
85 Employee84 21 33730 4
86 Employee85 25 34320 2
87 Employee86 24 33626 3
88 Employee87 25 31708 2
89 Employee88 22 33258 5
90 Employee89 37 32062 5
91 Employee90 20 32036 3
92 Employee91 39 34379 1
93 Employee92 28 30071 4
94 Employee93 31 33881 1
95 Employee94 33 30894 1
96 Employee95 23 32199 2
97 Employee96 39 32996 5
98 Employee97 33 32813 4
99 Employee98 30 31095 2
100 Employee99 26 30084 1
101 Employee100 30 32684 2
102 Employee101 22 30936 3
103 Employee102 25 34756 5
104 Employee103 38 31887 3
105 Employee104 28 32172 5
106 Employee105 29 32336 1
107 Employee106 22 32587 2
108 Employee107 21 32713 3
109 Employee108 21 31255 5
110 Employee109 39 32721 5
111 Employee110 39 34811 1
112 Employee111 27 31705 4
113 Employee112 27 34150 5
114 Employee113 38 33920 5
115 Employee114 22 32269 2
116 Employee115 21 30630 5
117 Employee116 32 31972 3
118 Employee117 30 32625 1
119 Employee118 22 34299 1
120 Employee119 22 33898 4
121 Employee120 38 31190 5
122 Employee121 30 33209 2
123 Employee122 39 34336 3
124 Employee123 35 30994 5
125 Employee124 39 34769 4
126 Employee125 36 33850 1
127 Employee126 20 33142 5
128 Employee127 24 31993 1
129 Employee128 21 34567 5
130 Employee129 33 31961 5
131 Employee130 26 34259 5
132 Employee131 22 33202 2
133 Employee132 24 32021 3
134 Employee133 28 34528 5
135 Employee134 32 34908 4
136 Employee135 38 33036 4
137 Employee136 33 31248 4
138 Employee137 33 32133 4
139 Employee138 30 34754 3
140 Employee139 26 30368 5
141 Employee140 20 33046 4
142 Employee141 37 31249 1
143 Employee142 23 33033 4
144 Employee143 37 30253 3
145 Employee144 26 34125 3
146 Employee145 36 30975 4
147 Employee146 37 33729 2
148 Employee147 20 33414 2
149 Employee148 20 31304 4
150 Employee149 27 33050 4
151 Employee150 36 33902 5
152 Employee151 37 33699 4
153 Employee152 39 32002 4
154 Employee153 23 34500 2
155 Employee154 27 33538 5
156 Employee155 31 32535 5
157 Employee156 39 31692 1
158 Employee157 27 30504 5
159 Employee158 29 30964 1
160 Employee159 29 30343 1
161 Employee160 37 32900 4
162 Employee161 31 31949 5
163 Employee162 27 32988 3
164 Employee163 35 30743 5
165 Employee164 29 33390 3
166 Employee165 20 33541 5
167 Employee166 26 34232 2
168 Employee167 22 30360 3
169 Employee168 23 31761 2
170 Employee169 29 33190 1
171 Employee170 36 31367 3
172 Employee171 34 30690 2
173 Employee172 24 31057 5
174 Employee173 28 33205 4
175 Employee174 32 32386 1
176 Employee175 26 32726 5
177 Employee176 36 31552 4
178 Employee177 29 33946 1
179 Employee178 27 31970 2
180 Employee179 20 34631 4
181 Employee180 37 33627 3
182 Employee181 26 34214 1
183 Employee182 32 30090 3
184 Employee183 39 34610 5
185 Employee184 29 32274 1
186 Employee185 21 31620 4
187 Employee186 27 32888 4
188 Employee187 26 32770 5
189 Employee188 36 30417 2
190 Employee189 20 30849 3
191 Employee190 25 33059 3
192 Employee191 38 34945 4
193 Employee192 33 33458 4
194 Employee193 37 34289 4
195 Employee194 27 30478 3
196 Employee195 34 34471 5
197 Employee196 20 33459 4
198 Employee197 38 33025 4
199 Employee198 34 31233 3
200 Employee199 21 33493 4
201 Employee200 30 30699 3
202 Employee201 39 30569 4
203 Employee202 22 33794 4
204 Employee203 27 31431 3
205 Employee204 22 34390 3
206 Employee205 31 30057 1
207 Employee206 21 31157 5
208 Employee207 31 31947 2
209 Employee208 31 30021 3
210 Employee209 20 30054 1
211 Employee210 38 30325 2
212 Employee211 36 33516 3
213 Employee212 31 31139 2
214 Employee213 24 32338 1
215 Employee214 38 34021 1
216 Employee215 22 34812 5
217 Employee216 37 32685 2
218 Employee217 24 34176 4
219 Employee218 27 34759 3
220 Employee219 24 33499 2
221 Employee220 27 33950 2
222 Employee221 20 32818 1
223 Employee222 23 30049 5
224 Employee223 31 31805 5
225 Employee224 31 32375 1
226 Employee225 34 33589 4
227 Employee226 33 34918 1
228 Employee227 22 34822 3
229 Employee228 37 34030 4
230 Employee229 34 30126 4
231 Employee230 26 30253 4
232 Employee231 34 32814 4
233 Employee232 39 33377 3
234 Employee233 35 32088 5
235 Employee234 30 31732 5
236 Employee235 37 30346 1
237 Employee236 37 30691 4
238 Employee237 23 32573 4
239 Employee238 25 34291 1
240 Employee239 38 32217 2
241 Employee240 23 30055 1
242 Employee241 38 33130 5
243 Employee242 31 32661 4
244 Employee243 25 34789 4
245 Employee244 24 31851 1
246 Employee245 30 32868 4
247 Employee246 25 34006 1
248 Employee247 39 32949 1
249 Employee248 27 30226 4
250 Employee249 37 30596 2
251 Employee250 25 32560 2
252 Employee251 35 32770 4
253 Employee252 31 31342 3
254 Employee253 36 32379 2
255 Employee254 30 34984 3
256 Employee255 27 34234 1
257 Employee256 23 30072 4
258 Employee257 30 31063 3
259 Employee258 30 32030 4
260 Employee259 34 31059 3
261 Employee260 27 31924 3
262 Employee261 35 31232 5
263 Employee262 34 30443 4
264 Employee263 26 30640 4
265 Employee264 39 30262 3
266 Employee265 23 31041 4
267 Employee266 23 33324 3
268 Employee267 22 34154 1
269 Employee268 21 32457 1
270 Employee269 27 31171 2
271 Employee270 29 30218 2
272 Employee271 23 34653 4
273 Employee272 27 33959 4
274 Employee273 26 30797 1
275 Employee274 24 31308 5
276 Employee275 38 30991 2
277 Employee276 38 32715 3
278 Employee277 31 33189 5
279 Employee278 26 34010 2
280 Employee279 24 33109 5
281 Employee280 20 33378 5
282 Employee281 33 30081 5
283 Employee282 38 30989 2
284 Employee283 27 30147 4
285 Employee284 27 32231 3
286 Employee285 22 31281 1
287 Employee286 30 30179 1
288 Employee287 34 30350 2
289 Employee288 33 32857 5
290 Employee289 21 31081 4
291 Employee290 20 32433 3
292 Employee291 21 32487 1
293 Employee292 36 33825 5
294 Employee293 22 31892 2
295 Employee294 37 30032 5
296 Employee295 21 33506 1
297 Employee296 37 34708 1
298 Employee297 39 31962 3
299 Employee298 23 30776 5
300 Employee299 37 31309 3
301 Employee300 32 33382 2
302 Employee301 26 33563 1
303 Employee302 22 34211 1
304 Employee303 26 34285 1
305 Employee304 30 34583 5
306 Employee305 36 34116 1
307 Employee306 32 32525 4
308 Employee307 39 32525 1
309 Employee308 36 31360 4
310 Employee309 23 30337 4
311 Employee310 22 31621 1
312 Employee311 35 30888 1
313 Employee312 35 34570 3
314 Employee313 33 30008 3
315 Employee314 23 32350 3
316 Employee315 37 33827 2
317 Employee316 29 32071 2
318 Employee317 29 30910 4
319 Employee318 39 33398 4
320 Employee319 30 32393 3
321 Employee320 30 33976 5
322 Employee321 32 31931 3
323 Employee322 37 30099 3
324 Employee323 26 30952 3
325 Employee324 21 32735 4
326 Employee325 38 33184 1
327 Employee326 36 30805 2
328 Employee327 28 33954 4
329 Employee328 28 34593 4
330 Employee329 37 32555 3
331 Employee330 34 31445 1
332 Employee331 25 30997 4
333 Employee332 32 31127 3
334 Employee333 21 34693 5
335 Employee334 39 32334 2
336 Employee335 39 34985 3
337 Employee336 34 31761 3
338 Employee337 32 31541 2
339 Employee338 32 31850 3
340 Employee339 22 30399 3
341 Employee340 34 31173 1
342 Employee341 26 34851 5
343 Employee342 30 33263 2
344 Employee343 32 30037 3
345 Employee344 39 33828 2
346 Employee345 20 31987 2
347 Employee346 30 33341 1
348 Employee347 32 32665 2
349 Employee348 29 34517 2
350 Employee349 23 31351 3
351 Employee350 20 31506 4
352 Employee351 27 34364 5
353 Employee352 32 34154 5
354 Employee353 35 33679 2
355 Employee354 32 32538 5
356 Employee355 36 31170 2
357 Employee356 24 32760 5
358 Employee357 34 34465 5
359 Employee358 26 33886 4
360 Employee359 39 31969 1
361 Employee360 32 32621 4
362 Employee361 30 32289 5
363 Employee362 31 34673 5
364 Employee363 35 34548 1
365 Employee364 37 34313 4
366 Employee365 38 34949 1
367 Employee366 35 32793 4
368 Employee367 36 30960 4
369 Employee368 23 33286 2
370 Employee369 38 30677 1
371 Employee370 25 32181 2
372 Employee371 30 30323 1
373 Employee372 20 34954 1
374 Employee373 24 32042 5
375 Employee374 39 33919 5
376 Employee375 24 33469 4
377 Employee376 31 34976 4
378 Employee377 39 33133 4
379 Employee378 24 31956 2
380 Employee379 35 33666 2
381 Employee380 27 31912 3
382 Employee381 29 30902 4
383 Employee382 31 30002 5
384 Employee383 27 34718 2
385 Employee384 23 32377 3
386 Employee385 32 34573 3
387 Employee386 22 31125 4
388 Employee387 37 32496 4
389 Employee388 21 33153 2
390 Employee389 34 31980 4
391 Employee390 25 30948 1
392 Employee391 30 34029 5
393 Employee392 38 32160 3
394 Employee393 24 32719 1
395 Employee394 21 33902 1
396 Employee395 20 32726 4
397 Employee396 29 34140 4
398 Employee397 23 30938 3
399 Employee398 33 30431 1
400 Employee399 20 30905 1
401 Employee400 33 34391 4
402 Employee401 30 34421 3
403 Employee402 29 32671 1
404 Employee403 23 34095 5
405 Employee404 24 32088 5
406 Employee405 26 30569 3
407 Employee406 29 30710 4
408 Employee407 30 33433 4
409 Employee408 27 32279 5
410 Employee409 29 31499 2
411 Employee410 39 32464 3
412 Employee411 30 32086 1
413 Employee412 29 34915 2
414 Employee413 21 30011 5
415 Employee414 33 34387 3
416 Employee415 27 31773 4
417 Employee416 39 31742 5
418 Employee417 24 33124 5
419 Employee418 39 32063 4
420 Employee419 33 31712 5
421 Employee420 25 30404 4
422 Employee421 39 32734 5
423 Employee422 35 30435 3
424 Employee423 33 30669 1
425 Employee424 27 34802 3
426 Employee425 22 33089 1
427 Employee426 25 30960 5
428 Employee427 31 32557 5
429 Employee428 23 33816 3
430 Employee429 21 31522 1
431 Employee430 23 31579 2
432 Employee431 28 33378 3
433 Employee432 20 34045 3
434 Employee433 27 34899 2
435 Employee434 29 31386 4
436 Employee435 26 31948 5
437 Employee436 36 33506 3
438 Employee437 32 30417 5
439 Employee438 21 33820 1
440 Employee439 26 30994 5
441 Employee440 23 33437 4
442 Employee441 24 31317 3
443 Employee442 31 34017 5
444 Employee443 25 34156 4
445 Employee444 29 31745 1
446 Employee445 22 31171 1
447 Employee446 29 30559 2
448 Employee447 36 31652 2
449 Employee448 20 33925 4
450 Employee449 32 33091 5
451 Employee450 27 33566 4
452 Employee451 32 33050 2
453 Employee452 24 33333 4
454 Employee453 26 33499 1
455 Employee454 34 30568 1
456 Employee455 21 34342 5
457 Employee456 37 34263 4
458 Employee457 30 34939 3
459 Employee458 33 31631 4
460 Employee459 37 31804 2
461 Employee460 26 34683 4
462 Employee461 25 30495 1
463 Employee462 21 33972 2
464 Employee463 34 34158 1
465 Employee464 36 30952 1
466 Employee465 32 33446 5
467 Employee466 31 30883 4
468 Employee467 21 30825 3
469 Employee468 36 32339 5
470 Employee469 24 30596 1
471 Employee470 27 34294 4
472 Employee471 37 30519 1
473 Employee472 30 33292 3
474 Employee473 36 30279 1
475 Employee474 33 30635 1
476 Employee475 38 31107 2
477 Employee476 37 30570 2
478 Employee477 20 34584 2
479 Employee478 23 34800 3
480 Employee479 29 31496 1
481 Employee480 39 32763 1
482 Employee481 24 34873 2
483 Employee482 24 34523 2
484 Employee483 29 32751 1
485 Employee484 39 31704 1
486 Employee485 26 33302 1
487 Employee486 39 34591 3
488 Employee487 27 33484 2
489 Employee488 21 34919 2
490 Employee489 33 30528 3
491 Employee490 34 34819 4
492 Employee491 21 31123 4
493 Employee492 27 32639 4
494 Employee493 38 31988 5
495 Employee494 20 34680 4
496 Employee495 26 33018 3
497 Employee496 23 34098 1
498 Employee497 30 31505 5
499 Employee498 22 31066 4
500 Employee499 25 31472 4
501 Employee500 33 31966 3
502 Employee501 28 34547 3
503 Employee502 36 31086 3
504 Employee503 39 34877 1
505 Employee504 33 31197 3
506 Employee505 23 32035 2
507 Employee506 27 33498 5
508 Employee507 34 33861 2
509 Employee508 34 30003 1
510 Employee509 24 34428 3
511 Employee510 23 33633 1
512 Employee511 20 30381 5
513 Employee512 25 30897 1
514 Employee513 37 32408 5
515 Employee514 29 31313 5
516 Employee515 34 34316 5
517 Employee516 25 33775 1
518 Employee517 26 32930 2
519 Employee518 32 31616 5
520 Employee519 29 34752 5
521 Employee520 26 31515 1
522 Employee521 33 34428 2
523 Employee522 27 34613 2
524 Employee523 20 31062 2
525 Employee524 29 30763 1
526 Employee525 28 33397 2
527 Employee526 35 31982 5
528 Employee527 20 33320 2
529 Employee528 38 32565 5
530 Employee529 39 32134 2
531 Employee530 28 34853 3
532 Employee531 23 32686 3
533 Employee532 32 31534 3
534 Employee533 30 33834 5
535 Employee534 36 30815 5
536 Employee535 36 32324 3
537 Employee536 25 34451 2
538 Employee537 21 34343 3
539 Employee538 27 30861 3
540 Employee539 21 30360 4
541 Employee540 39 33620 2
542 Employee541 33 32924 4
543 Employee542 35 32708 3
544 Employee543 22 33870 2
545 Employee544 23 32466 2
546 Employee545 20 32515 3
547 Employee546 34 33332 1
548 Employee547 30 33693 4
549 Employee548 39 32880 5
550 Employee549 33 30213 5
551 Employee550 22 30444 1
552 Employee551 23 33738 2
553 Employee552 31 30873 2
554 Employee553 25 34168 2
555 Employee554 33 34683 5
556 Employee555 37 34535 5
557 Employee556 24 30769 2
558 Employee557 27 33072 2
559 Employee558 20 33411 4
560 Employee559 27 32057 2
561 Employee560 33 33439 2
562 Employee561 20 30114 2
563 Employee562 31 33418 2
564 Employee563 34 34883 5
565 Employee564 27 34697 1
566 Employee565 27 33674 1
567 Employee566 33 30490 3
568 Employee567 32 30949 5
569 Employee568 23 31690 3
570 Employee569 27 32629 5
571 Employee570 35 31422 1
572 Employee571 28 33043 1
573 Employee572 39 31766 1
574 Employee573 36 31653 1
575 Employee574 32 30220 3
576 Employee575 24 31287 4
577 Employee576 20 33721 2
578 Employee577 37 32205 3
579 Employee578 38 32728 5
580 Employee579 30 32227 4
581 Employee580 20 34563 2
582 Employee581 20 32883 2
583 Employee582 27 33223 3
584 Employee583 32 30511 1
585 Employee584 33 32563 4
586 Employee585 22 31768 1
587 Employee586 38 32660 4
588 Employee587 36 31009 4
589 Employee588 23 34887 5
590 Employee589 33 34057 2
591 Employee590 23 31929 2
592 Employee591 24 31942 1
593 Employee592 32 34209 1
594 Employee593 27 34854 2
595 Employee594 34 33759 2
596 Employee595 22 31973 2
597 Employee596 38 33171 4
598 Employee597 38 31899 3
599 Employee598 24 32755 2
600 Employee599 30 33780 2
601 Employee600 23 32603 1
602 Employee601 20 32000 3
603 Employee602 32 30012 5
604 Employee603 27 34759 4
605 Employee604 25 32894 3
606 Employee605 38 34636 1
607 Employee606 20 32626 5
608 Employee607 33 31937 1
609 Employee608 28 33421 1
610 Employee609 29 33863 1
611 Employee610 32 32786 5
612 Employee611 33 32458 2
613 Employee612 27 34410 4
614 Employee613 31 34569 4
615 Employee614 21 33446 5
616 Employee615 38 33605 1
617 Employee616 21 33165 5
618 Employee617 27 32490 2
619 Employee618 32 31238 5
620 Employee619 25 32000 3
621 Employee620 37 33832 4
622 Employee621 21 30017 3
623 Employee622 29 32497 5
624 Employee623 38 34128 5
625 Employee624 38 32470 1
626 Employee625 32 31280 3
627 Employee626 34 32533 3
628 Employee627 23 34400 1
629 Employee628 21 31485 4
630 Employee629 20 30190 1
631 Employee630 34 30647 1
632 Employee631 23 30461 5
633 Employee632 22 31630 2
634 Employee633 23 30520 1
635 Employee634 34 30538 3
636 Employee635 32 30930 3
637 Employee636 34 32685 4
638 Employee637 34 34780 4
639 Employee638 24 32802 1
640 Employee639 24 31522 3
641 Employee640 25 31157 1
642 Employee641 22 34492 4
643 Employee642 36 33986 1
644 Employee643 20 34049 2
645 Employee644 32 31956 5
646 Employee645 34 33448 3
647 Employee646 28 33482 3
648 Employee647 28 31576 3
649 Employee648 37 30220 5
650 Employee649 34 32005 5
651 Employee650 22 30282 4
652 Employee651 29 30236 1
653 Employee652 37 31884 4
654 Employee653 39 32724 5
655 Employee654 30 33236 1
656 Employee655 32 32242 4
657 Employee656 24 31023 2
658 Employee657 21 32111 5
659 Employee658 30 31260 1
660 Employee659 22 34955 3
661 Employee660 36 31089 2
662 Employee661 39 33958 3
663 Employee662 26 30375 2
664 Employee663 31 34674 4
665 Employee664 25 32377 2
666 Employee665 36 32669 2
667 Employee666 34 32833 2
668 Employee667 27 31906 5
669 Employee668 37 33316 1
670 Employee669 39 32570 3
671 Employee670 26 33486 4
672 Employee671 27 31277 2
673 Employee672 36 30435 4
674 Employee673 37 34946 5
675 Employee674 27 30212 2
676 Employee675 34 34540 3
677 Employee676 35 33674 1
678 Employee677 31 33802 4
679 Employee678 30 32851 1
680 Employee679 22 34690 3
681 Employee680 21 32676 5
682 Employee681 29 34795 4
683 Employee682 35 34931 2
684 Employee683 20 31320 3
685 Employee684 20 31688 2
686 Employee685 36 31974 2
687 Employee686 34 33069 4
688 Employee687 36 30052 3
689 Employee688 25 33682 4
690 Employee689 22 34277 4
691 Employee690 29 31790 2
692 Employee691 35 30960 2
693 Employee692 39 33447 5
694 Employee693 22 34628 5
695 Employee694 39 30528 5
696 Employee695 33 34876 4
697 Employee696 26 33990 5
698 Employee697 34 34759 2
699 Employee698 36 31384 2
700 Employee699 29 31238 1
701 Employee700 24 30539 1
702 Employee701 35 32775 1
703 Employee702 21 31926 1
704 Employee703 22 33428 4
705 Employee704 24 33579 4
706 Employee705 33 33944 5
707 Employee706 29 32711 3
708 Employee707 25 31257 2
709 Employee708 22 32034 3
710 Employee709 25 30595 1
711 Employee710 25 31632 5
712 Employee711 27 31467 2
713 Employee712 38 32601 3
714 Employee713 20 34963 3
715 Employee714 38 31227 5
716 Employee715 36 34433 4
717 Employee716 30 31554 5
718 Employee717 27 30659 3
719 Employee718 35 31801 4
720 Employee719 27 32718 1
721 Employee720 29 31335 3
722 Employee721 31 34443 3
723 Employee722 27 34353 4
724 Employee723 22 34513 4
725 Employee724 36 34551 2
726 Employee725 30 32699 2
727 Employee726 29 32481 1
728 Employee727 30 32889 5
729 Employee728 29 32736 4
730 Employee729 22 30704 2
731 Employee730 35 30733 5
732 Employee731 27 33364 3
733 Employee732 31 32724 1
734 Employee733 24 30738 4
735 Employee734 33 30834 2
736 Employee735 21 32945 1
737 Employee736 34 32366 2
738 Employee737 29 30456 3
739 Employee738 35 34826 5
740 Employee739 23 33860 1
741 Employee740 22 33155 4
742 Employee741 28 30695 1
743 Employee742 25 32946 2
744 Employee743 27 33863 5
745 Employee744 30 33408 1
746 Employee745 28 34161 1
747 Employee746 33 30555 2
748 Employee747 31 34144 1
749 Employee748 31 33291 4
750 Employee749 35 33447 4
751 Employee750 35 33681 2
752 Employee751 20 30329 2
753 Employee752 22 32834 5
754 Employee753 20 31901 5
755 Employee754 24 32043 3
756 Employee755 35 32811 4
757 Employee756 22 33256 1
758 Employee757 36 30859 2
759 Employee758 38 33510 4
760 Employee759 26 30297 1
761 Employee760 34 31924 2
762 Employee761 30 34125 1
763 Employee762 33 34319 2
764 Employee763 35 33880 5
765 Employee764 39 34896 3
766 Employee765 24 33203 1
767 Employee766 29 31746 2
768 Employee767 30 30594 1
769 Employee768 38 33852 4
770 Employee769 26 32698 1
771 Employee770 33 32344 1
772 Employee771 21 30947 3
773 Employee772 38 34200 4
774 Employee773 29 34107 4
775 Employee774 33 33179 3
776 Employee775 32 31175 1
777 Employee776 22 30904 4
778 Employee777 20 30626 3
779 Employee778 26 34485 2
780 Employee779 26 32123 5
781 Employee780 31 30637 2
782 Employee781 33 31410 4
783 Employee782 32 32069 1
784 Employee783 31 33150 4
785 Employee784 21 31556 3
786 Employee785 28 34328 3
787 Employee786 31 31983 4
788 Employee787 39 31423 1
789 Employee788 34 34861 3
790 Employee789 32 30807 3
791 Employee790 29 30911 5
792 Employee791 30 30744 3
793 Employee792 38 32137 2
794 Employee793 38 30760 4
795 Employee794 26 34141 5
796 Employee795 25 34882 1
797 Employee796 39 34833 4
798 Employee797 38 33444 4
799 Employee798 35 31310 1
800 Employee799 29 32283 5
801 Employee800 26 30412 1
802 Employee801 33 33042 1
803 Employee802 30 31120 5
804 Employee803 28 31550 5
805 Employee804 36 30737 3
806 Employee805 21 30914 5
807 Employee806 38 30554 5
808 Employee807 38 33264 5
809 Employee808 21 33319 2
810 Employee809 38 34260 5
811 Employee810 23 30506 4
812 Employee811 38 30399 1
813 Employee812 30 31701 3
814 Employee813 31 30129 4
815 Employee814 32 30186 3
816 Employee815 35 34779 4
817 Employee816 39 34589 3
818 Employee817 29 30247 4
819 Employee818 35 30880 5
820 Employee819 31 34999 5
821 Employee820 31 31114 4
822 Employee821 26 33784 3
823 Employee822 32 30107 2
824 Employee823 21 32218 1
825 Employee824 21 32231 4
826 Employee825 30 34286 5
827 Employee826 34 34617 1
828 Employee827 23 33058 3
829 Employee828 37 33053 1
830 Employee829 33 33617 5
831 Employee830 38 30680 1
832 Employee831 21 31006 5
833 Employee832 35 32638 4
834 Employee833 31 30752 3
835 Employee834 29 30545 1
836 Employee835 24 32756 4
837 Employee836 31 31002 1
838 Employee837 26 34485 2
839 Employee838 29 34174 5
840 Employee839 36 33388 2
841 Employee840 30 32738 2
842 Employee841 22 31379 4
843 Employee842 38 33766 4
844 Employee843 22 30250 3
845 Employee844 24 30959 4
846 Employee845 21 30135 2
847 Employee846 24 31206 4
848 Employee847 36 30113 1
849 Employee848 27 33454 3
850 Employee849 24 32110 3
851 Employee850 37 32432 1
852 Employee851 31 31886 2
853 Employee852 39 32904 5
854 Employee853 29 31946 5
855 Employee854 24 32582 1
856 Employee855 32 32043 2
857 Employee856 28 32319 3
858 Employee857 38 31676 3
859 Employee858 33 30875 4
860 Employee859 35 31619 1
861 Employee860 29 33877 5
862 Employee861 29 34680 1
863 Employee862 32 32331 1
864 Employee863 22 30820 2
865 Employee864 33 34956 5
866 Employee865 24 31228 5
867 Employee866 30 31448 5
868 Employee867 34 31618 3
869 Employee868 24 34872 3
870 Employee869 27 34439 5
871 Employee870 33 33709 4
872 Employee871 34 31770 4
873 Employee872 30 31355 5
874 Employee873 30 31229 2
875 Employee874 28 31642 4
876 Employee875 37 34906 4
877 Employee876 34 32508 5
878 Employee877 38 34303 3
879 Employee878 30 33107 2
880 Employee879 29 33726 4
881 Employee880 20 33271 5
882 Employee881 28 30526 2
883 Employee882 36 32376 2
884 Employee883 27 33078 3
885 Employee884 39 33226 1
886 Employee885 39 30404 4
887 Employee886 27 34358 3
888 Employee887 28 32408 3
889 Employee888 36 31230 5
890 Employee889 39 33051 3
891 Employee890 22 34492 5
892 Employee891 26 30780 3
893 Employee892 33 32949 4
894 Employee893 26 33328 2
895 Employee894 29 31387 3
896 Employee895 26 31138 4
897 Employee896 29 32458 4
898 Employee897 21 33146 4
899 Employee898 20 31174 4
900 Employee899 34 31414 3
901 Employee900 39 34656 5
902 Employee901 35 32315 5
903 Employee902 37 31160 1
904 Employee903 27 32546 5
905 Employee904 23 34055 4
906 Employee905 37 30033 3
907 Employee906 28 32683 1
908 Employee907 28 32216 2
909 Employee908 29 32937 2
910 Employee909 39 34303 3
911 Employee910 21 30042 4
912 Employee911 35 34777 1
913 Employee912 22 30386 1
914 Employee913 37 32893 3
915 Employee914 21 31728 5
916 Employee915 37 33766 4
917 Employee916 39 33466 4
918 Employee917 39 30186 5
919 Employee918 37 31335 2
920 Employee919 30 34495 3
921 Employee920 37 32716 2
922 Employee921 33 30492 5
923 Employee922 23 31306 1
924 Employee923 34 30403 2
925 Employee924 23 33817 5
926 Employee925 39 32934 3
927 Employee926 29 33893 4
928 Employee927 22 30504 1
929 Employee928 24 30913 3
930 Employee929 22 34944 3
931 Employee930 24 30361 2
932 Employee931 21 34526 4
933 Employee932 27 32050 5
934 Employee933 39 31796 5
935 Employee934 25 31311 2
936 Employee935 20 31002 3
937 Employee936 32 34552 3
938 Employee937 23 32346 2
939 Employee938 20 30250 3
940 Employee939 32 32553 2
941 Employee940 20 33557 5
942 Employee941 28 31010 2
943 Employee942 28 33337 4
944 Employee943 34 32277 2
945 Employee944 23 32074 5
946 Employee945 22 31754 2
947 Employee946 34 34139 4
948 Employee947 24 31342 1
949 Employee948 37 34902 3
950 Employee949 24 31154 1
951 Employee950 35 30946 1
952 Employee951 20 31994 1
953 Employee952 23 31142 1
954 Employee953 28 34696 5
955 Employee954 29 34412 4
956 Employee955 25 32754 4
957 Employee956 31 30360 3
958 Employee957 22 31124 5
959 Employee958 39 31902 4
960 Employee959 26 33606 3
961 Employee960 27 32534 2
962 Employee961 29 34046 1
963 Employee962 29 32669 1
964 Employee963 31 33157 4
965 Employee964 30 33658 1
966 Employee965 24 30483 5
967 Employee966 24 30986 3
968 Employee967 23 33368 2
969 Employee968 32 31327 1
970 Employee969 27 31466 3
971 Employee970 24 33633 2
972 Employee971 32 31794 3
973 Employee972 35 34255 4
974 Employee973 20 30707 3
975 Employee974 33 34777 3
976 Employee975 39 34893 3
977 Employee976 30 31457 4
978 Employee977 22 34960 3
979 Employee978 31 31744 2
980 Employee979 21 31711 3
981 Employee980 38 32368 3
982 Employee981 21 34660 2
983 Employee982 30 33287 5
984 Employee983 20 31687 2
985 Employee984 39 33613 4
986 Employee985 36 32124 5
987 Employee986 28 34974 2
988 Employee987 39 30229 3
989 Employee988 38 32660 2
990 Employee989 24 31873 1
991 Employee990 29 30124 4
992 Employee991 38 34945 1
993 Employee992 22 33088 4
994 Employee993 21 30868 3
995 Employee994 27 30500 1
996 Employee995 22 32936 2
997 Employee996 31 32717 4
998 Employee997 38 34476 3
999 Employee998 37 32934 5
1000 Employee999 20 30770 3
1 Department0 Location0
2 Department1 Location1
3 Department2 Location2
4 Department3 Location3
5 Department4 Location4
